camera_matrix:
  cols: 3
  data: [524.1301433371835, 0.0, 315.4348325473679, 0.0, 523.5072606249538, 245.2304775179637,
    0.0, 0.0, 1.0]
  rows: 3
camera_name: 00b09d0100626e63_left
distortion_coefficients:
  cols: 5
  data: [-0.3396282468279343, 0.1228228088191552, 0.00043662096897748227, 0.00022545714383195398,
    0.0]
  rows: 1
distortion_model: plumb_bob
image_height: 480
image_width: 640
projection_matrix:
  cols: 4
  data: [419.1912564118346, 0.0, 324.0353889465332, 0.0, 0.0, 419.1912564118346, 249.37464714050293,
    0.0, 0.0, 0.0, 1.0, 0.0]
  rows: 3
rectification_matrix:
  cols: 3
  data: [0.9999661557612708, -0.0010506708961703429, -0.008159866585558536, 0.001029522374188195,
    0.9999961016173224, -0.0025955411456627534, 0.008162561834817544, 0.002587052536328365,
    0.9999633391997264]
  rows: 3
