camera_matrix:
  cols: 3
  data: [523.0680650057411, 0.0, 321.3162746251199, 0.0, 522.5290716829256, 250.51483082814235,
    0.0, 0.0, 1.0]
  rows: 3
camera_name: 00b09d0100626e63_right
distortion_coefficients:
  cols: 5
  data: [-0.3374813292709053, 0.11947626197385948, 4.842682221337135e-05, 0.0004071174924289941,
    0.0]
  rows: 1
distortion_model: plumb_bob
image_height: 480
image_width: 640
projection_matrix:
  cols: 4
  data: [419.1912564118346, 0.0, 324.0353889465332, -50.29586104596969, 0.0, 419.1912564118346,
    249.37464714050293, 0.0, 0.0, 0.0, 1.0, 0.0]
  rows: 3
rectification_matrix:
  cols: 3
  data: [0.9999655006762213, -0.0014569792735384087, -0.008177693363703567, 0.0014781655747371453,
    0.9999955656230949, 0.0025852970197016573, 0.00817389037655533, -0.0025972958135136934,
    0.9999632201089044]
  rows: 3
